              precision    recall  f1-score   support

           3      0.000     0.000     0.000         0
           4      0.667     0.400     0.500         5
           5      0.667     0.571     0.615         7
           6      0.928     0.981     0.954       105
           7      0.864     0.909     0.886        77
           8      0.971     0.917     0.943       109
           9      1.000     0.958     0.978        71

    accuracy                          0.928       374
   macro avg      0.728     0.677     0.697       374
weighted avg      0.933     0.928     0.929       374
